3 6 6282 13463 3312 11444 13446 6521 
2 7 321 13481 9388 3340 349 13463 6282 
2 11 6282 13471 6334 9334 9361 11372 13483 12849 11343 9263 362 
2 6 6332 395 6402 13482 13237 362 
1 5 6332 395 11245 6375 9290 
3 9 514 573 13251 13253 13255 6441 9428 13567 6521 
2 9 321 13468 13575 11219 375 13571 13569 13440 6521 
3 6 3522 9456 3499 13569 13440 6521 
2 4 3522 9375 526 6377 
2 6 9347 13464 6325 6263 13572 6377 
2 4 6389 13542 11331 13470 
3 10 9570 13406 552 13411 13414 3572 13418 11415 13432 9496 
2 5 11366 3231 3368 13469 9347 
2 5 6377 13572 3271 13594 3326 
2 7 9347 13464 6325 6349 13601 13600 3326 
2 13 13506 6469 13537 6622 11346 9281 13588 11264 13597 11360 13573 13574 241 
2 3 6469 13506 587 
3 2 6469 495 
2 5 495 13519 6535 11122 11388 
1 5 3326 309 336 13604 241 
2 11 495 13519 6535 13528 9509 13530 3355 405 3395 13438 6377 
2 6 6469 6570 5264 1819 13501 13500 
3 3 6488 6444 13500 
3 6 6488 11560 13553 11547 13534 11531 
3 6 6488 589 6568 13552 13617 9517 
2 8 11531 13534 563 13551 3558 13552 13617 9517 
3 3 11499 10869 9517 
3 2 11499 708 
3 4 708 3705 13603 692 
2 3 692 11653 9515 
2 8 9517 13616 13550 3530 6542 13599 6712 3692 
2 5 3692 3679 6934 13264 9655 
2 4 9655 11638 6693 692 
1 3 11499 3690 9655 
3 8 495 3398 13513 13512 9547 13557 3524 6488 
2 4 9515 3299 571 11544 
1 3 692 9652 707 
1 4 9515 6725 3688 707 
2 5 11499 9545 11529 13618 11544 
2 8 6488 13555 3397 13391 11417 9572 13532 11544 
3 6 3561 9524 6549 13560 3524 6488 
3 7 3561 13413 425 6582 6487 13607 3522 
1 3 3561 6513 564 
2 9 495 9443 13521 13527 9509 13530 3355 13526 564 
2 6 6377 11493 13420 3355 13526 564 
2 5 6488 3524 13560 11533 564 
2 5 3535 6582 425 13413 3561 
2 3 3535 13250 13251 
2 5 3535 6582 6487 13607 3522 
2 13 3535 13563 6501 13564 13243 6524 13400 482 13393 3474 9416 13561 11544 
1 20 6521 13263 11505 9496 537 13449 13458 9277 9306 1958 11288 13478 13474 389 13475 3380 13482 6402 395 6332 
2 6 6296 3272 11312 3384 13269 6332 
1 3 3320 327 6296 
3 16 6380 3259 344 9256 6245 333 11315 2999 9333 110 6086 6035 3072 79 149 3151 
2 4 758 11710 9689 6734 
2 5 11805 3861 799 6924 9817 
1 7 6880 9765 3866 980 970 11768 11805 
2 3 6734 9686 11677 
1 4 11677 11692 6955 758 
1 4 9764 854 6927 9824 
2 7 6906 9896 6817 3873 6966 6812 9764 
1 4 6906 6959 9889 4098 
1 2 4098 10024 
1 5 10024 10109 4065 11956 1176 
1 3 1176 11956 12038 
2 4 1176 7068 7198 4182 
1 3 4182 10009 9979 
2 3 4182 13231 7183 
1 2 7183 1048 
1 4 4135 10094 13231 7183 
1 4 4182 7198 6744 875 
1 3 7183 1178 875 
2 6 9764 6812 6966 13223 3954 3816 
2 8 3816 9813 11821 915 9884 11699 3749 6766 
2 7 3938 9767 6993 9785 11766 813 3816 
1 7 3816 6878 6903 3902 11852 13233 740 
1 4 885 11852 13233 740 
1 5 3938 3794 9800 9846 11825 
1 4 11825 6936 903 885 
1 6 11825 4024 3920 726 3729 11707 
1 7 11677 11840 3725 3727 3918 918 11825 
1 5 11707 6749 9703 11688 740 
2 7 7183 4080 11749 6954 931 9925 13230 
1 6 13230 9839 9917 11820 896 3938 
1 8 1176 4095 12083 9828 9778 13229 13224 3938 
2 4 11825 9846 13232 6867 
1 5 6867 13221 11756 9839 13230 
1 5 6867 874 845 889 9817 
1 6 13230 9877 3926 844 924 11805 
2 4 10024 1093 9903 832 
1 4 4098 1093 11884 832 
1 5 832 942 9757 6914 3938 
2 4 875 3871 3810 6948 
1 5 6948 985 11780 6866 13230 
1 6 6948 6832 6800 13229 13224 3938 
1 5 3945 6879 9852 6914 3938 
1 6 6906 3799 871 7213 11737 3816 
2 4 6287 6393 3260 3325 
1 3 6364 6235 394 
1 6 9335 11318 11360 13573 13574 241 
1 2 9335 6336 
3 5 6241 9363 3512 8461 6469 
3 2 6241 391 
1 3 391 68 3314 
1 3 6241 6286 6336 
3 3 391 3211 9498 
3 2 9498 3262 
3 2 3262 6598 
3 2 6598 516 
2 5 11519 11562 13504 13507 587 
2 3 11519 13068 516 
2 5 11494 11470 11435 13262 6583 
3 4 13500 11494 13502 13505 
1 2 9559 6583 
2 4 516 6560 6446 575 
2 3 516 3576 11483 
1 3 11483 3536 11548 
1 4 11506 9534 6569 485 
2 4 11506 9561 454 11420 
1 3 11420 9500 11548 
1 2 11563 9434 
2 5 11506 9523 3549 9578 11563 
2 9 11506 9523 3549 3534 553 11521 11535 3579 6449 
3 4 512 9725 9523 11506 
2 4 3671 9492 6533 512 
3 8 11506 9523 6547 11463 3509 3495 527 9495 
3 5 3552 6572 9525 11508 9495 
2 5 3671 9492 9478 503 11465 
2 3 11465 9510 6536 
2 4 6657 655 3659 3671 
2 5 620 3626 651 669 3671 
2 7 9737 11565 595 11582 629 11596 3671 
1 5 9737 11565 595 3598 620 
2 6 6766 11702 6775 11720 9717 9737 
2 3 740 6756 743 
1 4 743 9710 6777 9737 
2 5 743 11697 11699 3749 6766 
2 6 6766 11702 6775 9734 9751 620 
2 4 9824 9853 3946 6960 
1 4 6766 943 9723 6960 
2 5 6960 9898 11877 958 11834 
2 2 11834 911 
2 3 911 3928 9909 
2 4 6788 3772 11891 9909 
2 6 11834 958 11713 780 3589 6613 
1 3 3594 11593 6613 
2 6 3594 9607 11576 6648 3621 620 
2 7 6960 760 11709 3754 769 9748 3594 
2 6 3594 9609 667 9644 6518 512 
2 4 6613 11794 648 3652 
2 5 3652 3669 3506 11491 11506 
2 2 3652 9642 
2 3 9642 6698 698 
2 11 11506 11518 6949 3506 9490 3533 6531 9658 6698 698 678 
2 3 678 6529 9503 
2 5 9503 1346 3629 11502 9559 
2 4 11506 11518 11549 13011 
2 5 11420 454 3402 11549 13011 
3 3 11531 11502 9559 
2 3 11516 1346 9503 
2 8 11516 5291 6545 11732 551 6949 11518 11506 
2 6 6613 3589 6784 6609 9745 6780 
2 5 6788 771 9741 11730 6780 
2 5 6780 11730 9741 776 3780 
1 4 3780 3773 6790 6788 
2 3 9620 6683 678 
2 6 3780 607 6635 636 9618 9620 
2 3 663 9638 9620 
2 5 3692 10755 11640 13536 663 
1 7 663 11623 6680 6678 9633 11618 673 
2 4 9665 3703 9681 9515 
2 5 9665 11651 10884 704 11666 
1 4 9648 8068 6690 11666 
1 6 3673 6687 9650 12711 6690 11666 
1 6 9665 3684 9650 12711 12082 9648 
2 7 3673 3674 6673 3657 6656 13272 11584 
1 4 6626 628 13496 11584 
1 5 3673 3674 6673 11595 6626 
1 4 9665 3684 6708 688 
1 4 688 3675 11634 673 
2 6 663 11601 3641 9600 9584 3780 
2 4 603 3604 13272 11584 
2 4 603 3776 773 3780 
2 6 603 9598 11598 9630 11618 673 
2 4 603 3776 11734 6606 
1 4 6606 6793 9582 11584 
2 5 6606 9752 6790 3773 3780 
2 2 6606 782 
1 4 782 9924 967 925 
2 2 6788 6973 
2 2 9904 11751 
2 4 11751 6862 6875 11833 
2 6 11833 6946 13494 13495 6973 6788 
2 4 9907 1616 6985 6606 
1 6 11751 6862 9750 13492 13493 9907 
1 4 925 6926 9794 9904 
1 3 6831 9838 925 
2 4 11837 9784 6843 883 
1 4 883 6939 3966 6831 
2 3 819 11803 883 
2 2 11846 9904 
2 4 11846 923 9826 819 
2 8 9990 12066 3901 10027 3968 851 955 819 
1 2 11998 11837 
1 6 11837 9856 10027 3901 12066 9990 
1 2 4014 4159 
2 4 4159 1156 3857 10074 
1 5 11773 11874 11824 9772 6891 
2 6 383 3307 6412 9362 6345 9279 
2 4 11380 11082 161 6050 
2 10 9279 11376 9300 9410 9251 9329 9406 6397 9393 11380 
2 12 383 6331 3286 3375 3063 6188 9209 9109 11188 11082 161 6050 
1 6 9279 11376 6120 11160 11327 11215 
2 4 6296 6360 6229 9483 
2 4 9483 6342 6222 9340 
2 5 3320 9295 11342 233 310 
1 4 310 7482 10323 9340 
2 7 11542 13245 13246 9414 11401 3514 13251 
2 3 11467 13390 3583 
1 3 11666 6739 9692 
2 4 9692 541 3484 11539 
1 4 11539 9551 9567 3583 
1 4 11539 581 3550 3581 
1 6 9660 9690 6561 11679 541 9692 
2 6 9660 11663 9676 6720 3700 11666 
1 6 9660 6703 682 3670 9611 11581 
2 4 11581 3654 6650 9627 
1 3 6626 599 9627 
2 6 9648 9646 596 3654 6650 9627 
2 5 11581 3654 596 9646 9648 
1 5 619 3623 6670 11625 9660 
1 5 11581 624 9595 6647 619 
2 4 619 3617 11580 11586 
1 4 9606 11787 3617 619 
2 3 3601 3592 11581 
1 4 6626 11735 11564 3601 
1 5 3601 6611 984 3974 3924 
2 4 3882 11832 9906 9602 
1 4 9602 6634 11583 11586 
1 4 3882 3833 3526 11818 
2 9 4109 3988 1109 976 863 6930 3844 10163 11818 
2 5 9602 11887 11868 965 949 
1 8 949 3971 3952 3819 6842 9769 649 9783 
2 4 949 3908 3937 6923 
2 6 9833 6895 3893 11905 9862 6923 
2 2 3663 9617 
1 4 657 6677 11603 9617 
1 9 9548 6761 744 3741 6747 9701 11652 9651 3663 
1 8 3663 3636 3639 637 3645 11657 3649 9606 
2 9 3663 660 6695 6709 11639 676 11622 693 6711 
2 3 6711 3709 3696 
2 6 3696 11644 699 6716 716 9660 
1 3 746 713 3696 
1 5 3581 6586 11691 3548 746 
2 4 9483 3354 6314 3288 
1 5 6332 11265 348 13268 3288 
2 7 3152 496 6381 308 9501 9240 9340 
2 5 3152 11426 11127 11443 4640 
2 7 4640 126 3120 181 11080 6174 3151 
2 4 3151 3060 9100 9206 
2 5 9206 6082 11056 9183 9073 
2 4 9073 67 6144 11105 
2 4 11370 277 6340 3320 
2 8 3380 3351 6347 6321 9290 6567 524 3544 
3 6 6558 17 3381 11515 493 9508 
2 9 6558 13441 388 11232 279 13459 3324 13475 362 
2 2 9427 6464 
2 6 9427 11430 3497 6416 467 3544 
1 3 6464 9567 3583 
2 8 9427 11413 3410 6499 6522 3434 9468 11479 
2 6 11479 9558 422 11441 6546 3392 
3 5 3544 524 402 9544 3392 
3 4 3501 13070 11333 6103 
2 4 9458 507 9239 6103 
2 7 540 3463 9484 6351 11471 9239 6103 
2 4 3369 11471 9239 6103 
3 5 6103 9239 6221 6270 9297 
2 3 3369 7239 9297 
3 4 6103 11374 221 271 
2 3 9297 11345 9315 
2 7 6103 11221 296 9322 364 11382 9315 
2 3 3369 6378 377 
2 6 377 3241 6301 3301 3205 6384 
2 4 9315 11382 9269 11297 
2 5 6384 6335 6399 11332 11218 
2 4 351 11299 11378 9392 
2 5 11218 9350 9237 6395 3273 
2 3 9392 9383 3273 
2 6 3273 9383 6300 3150 11136 200 
2 5 3273 9383 159 11306 9075 
2 5 11293 9405 3359 3242 3379 
2 4 3379 3329 276 385 
2 7 11293 3342 9369 13424 6313 13452 7394 
2 3 3392 11247 11301 
2 6 11301 11357 11386 266 13269 6332 
1 4 11301 347 13206 3393 
1 3 3320 9274 3393 
3 4 11370 11216 9236 9304 
2 5 11301 347 318 3309 9304 
2 6 11399 3559 3521 12562 524 3544 
1 4 11399 6580 536 11479 
1 6 3458 3559 3521 12562 524 3544 
1 10 310 6459 3219 6326 6249 9323 11241 11353 3247 306 
1 4 11241 323 6293 11234 
1 8 11202 11097 3053 6139 181 11080 6174 3151 
1 10 11234 9331 320 9234 11109 117 6197 79 6174 3151 
1 6 11349 11326 366 3358 11282 6380 
1 5 11349 6264 3235 9287 11234 
3 4 11370 294 11322 3331 
3 4 3331 11220 11290 306 
1 3 11241 9241 3331 
1 2 3331 9289 
2 8 383 295 11070 69 147 3007 11184 6115 
1 7 9096 6151 9036 3094 9204 9103 6115 
1 9 6115 11078 9157 27 11037 3059 9170 6145 122 
1 4 11028 9157 11078 6115 
1 5 11028 9227 11206 9139 3022 
1 3 192 6055 101 
1 6 9108 3104 3054 11155 3095 101 
1 11 9108 6083 6161 9220 11067 118 11185 6063 130 205 3108 
1 10 6050 9149 3182 11091 9117 49 9051 125 9035 3108 
1 4 9197 11068 149 3151 
1 7 9197 70 11059 11153 6057 90 11159 
1 10 11159 9118 3033 11092 155 11175 6021 94 9195 3189 
1 9 3189 86 3008 9162 3121 6181 9201 11117 3134 
1 8 3122 6013 9038 3025 11172 11066 6144 11105 
1 5 9073 11138 9056 9163 141 
1 9 11202 415 592 9485 6408 308 9501 9240 9340 
3 10 306 3362 6387 9272 11254 335 401 3327 3391 6380 
2 4 11370 216 386 3350 
2 3 9289 3378 6373 
2 7 6593 441 9568 3507 9249 6319 6373 
2 9 6593 3470 11543 6435 572 513 422 6580 11399 
2 7 11479 491 11427 438 462 6429 476 
2 4 476 11464 11514 6593 
1 5 11479 6483 11411 11550 9548 
2 6 476 9423 9576 754 741 11670 
2 5 476 9481 11490 504 525 
2 8 3686 705 3722 568 737 3573 588 11405 
2 2 11405 11437 
2 9 525 3494 11454 488 3468 6478 9433 11437 11405 
2 6 11437 453 472 3449 3466 6474 
2 4 6474 6493 9430 9417 
2 6 9417 585 3587 3765 3752 3734 
1 4 3734 9696 3760 719 
2 2 3672 3682 
2 7 7661 7495 4458 7624 4463 3668 3682 
1 8 9932 3714 11753 3653 772 3658 6671 1599 
1 9 1599 11708 1539 11674 11645 4477 4614 1536 7661 
2 13 3672 9647 685 11633 714 9691 9694 735 9709 6781 3587 585 9417 
2 2 413 3527 
2 10 3527 11475 11412 6591 3540 11476 11459 11450 11434 9417 
2 6 6474 3479 502 6530 3531 418 
2 7 418 9556 3409 11439 9489 9552 413 
2 5 418 9449 3492 558 3580 
2 4 11504 3557 11397 418 
2 7 525 11557 9543 11530 9519 559 11504 
3 4 525 11557 6458 11489 
2 4 6508 9506 546 9288 
3 7 11489 6508 9566 3225 288 3306 3335 
3 9 3335 6252 11284 11235 11300 3263 6348 6414 6380 
2 4 3580 9260 9328 9355 
2 5 9355 9411 11242 3292 6262 
2 6 6262 6396 6290 9348 6414 6380 
2 3 413 6341 6398 
2 5 6398 6230 6279 3356 11248 
2 7 6380 6414 9348 9282 11268 11379 11248 
2 6 9422 11408 433 9460 3426 3578 
3 6 121 252 6356 9278 9378 6380 
2 6 121 9122 11099 2 11107 9131 
2 4 9197 70 11174 3140 
2 9 3140 172 9107 3163 11083 81 9207 11189 9131 
3 12 6380 301 11362 6316 378 280 3370 3268 6392 6295 6299 11375 
3 11 11375 9368 270 3261 3349 9270 6372 9050 11149 9370 6124 
2 11 6380 301 3290 9235 11217 214 3339 6362 6410 9407 11344 
2 7 9422 313 3304 6353 6382 9409 9258 
2 6 9258 9286 6391 11262 11394 11344 
2 9 11344 11277 3352 6374 6253 9373 11356 11243 6338 
2 10 11225 9243 9365 6394 3246 3196 257 11240 11269 9258 
2 8 11225 11348 393 3357 3330 6515 10299 12128 
2 9 1278 1305 4283 4324 3385 3357 393 11348 11225 
2 6 1278 12117 10142 10329 1233 9292 
2 5 9292 1233 12287 10133 1821 
2 5 7341 4294 1254 4322 12128 
2 8 7243 4300 4374 4227 1314 12294 10253 7341 
2 7 6338 260 9336 3251 3300 6388 6278 
2 11 6278 7403 206 1380 10286 10314 361 3280 7320 10133 1821 
3 6 7375 11228 237 4758 12567 1821 
3 10 7375 11352 7346 12203 9293 370 3027 3139 272 6124 
2 5 3951 6808 9806 11784 11747 
1 4 3951 6871 11811 11829 
2 3 9878 3983 3951 
1 6 6807 9755 940 3788 3876 9878 
1 6 6807 9763 9830 961 6956 11746 
3 5 1821 9553 1543 10189 4824 
2 3 9292 1327 1292 
2 2 3325 3277 
1 3 3325 3277 6364 
2 5 11366 13546 13489 332 3277 
2 9 10696 1709 7800 4780 12521 1294 1775 10542 1292 
3 8 4824 7846 7774 3472 10600 12652 4700 10696 
3 7 10696 12679 4806 1733 7687 7825 7274 
2 8 7243 7600 7657 12329 7597 12397 4686 1459 
2 4 1554 7501 7682 1459 
1 8 12333 8099 10414 1649 1576 10470 13358 1554 
3 7 7274 4866 7757 12631 7886 7815 4724 
3 9 4797 12540 10661 10549 1813 1876 12621 12691 4724 
3 13 12543 4832 12556 10574 12641 1672 4705 1696 7835 10528 4837 1762 4797 
3 9 957 6989 11750 6684 664 6686 11643 10466 12189 
2 6 7642 4434 4621 1425 4406 7381 
1 5 7642 10135 12293 4390 4608 
2 5 12299 4424 7427 4412 10297 
2 18 10297 1376 12215 7342 1291 12144 7236 4371 1337 4312 12201 1281 1308 4388 12220 12122 1427 7408 
2 9 7408 10250 10221 12173 10411 7572 7353 7492 1488 
1 4 1330 12127 4336 1403 
2 4 1330 10154 10283 10344 
2 7 1330 12127 1417 12256 4626 4585 1492 
1 5 1492 7469 12464 1082 4425 
1 2 1185 4075 
1 8 4075 12075 10075 12319 1522 4501 7446 1319 
3 2 1182 9998 
2 3 9998 7157 7087 
2 3 7087 12097 10125 
2 2 7072 11960 
2 5 10125 7187 4172 4142 11960 
2 3 7072 12031 7212 
2 3 7212 11946 1092 
2 3 1092 10052 11985 
2 2 11960 1136 
1 2 7072 1136 
2 8 1136 9985 10055 1167 7145 1191 7050 11985 
2 2 1025 7110 
1 2 7110 9950 
2 6 4102 1183 12006 11925 4164 7110 
1 2 11985 1025 
2 5 11960 4142 4172 7102 10032 
2 7 1182 4188 4100 7016 4118 1024 7169 
2 4 7169 12056 3848 6994 
2 6 1117 11930 4067 1063 9865 6994 
2 2 12007 1117 
1 3 12007 10128 10032 
2 5 10125 7187 10015 11989 12007 
2 5 1182 1097 11908 11989 12007 
2 3 3962 7532 10444 
1 3 10444 10512 12421 
1 3 6994 9859 3962 
2 4 4056 4086 1081 11977 
2 4 11948 10110 4126 11977 
2 4 11977 7204 7221 7125 
2 5 7125 9981 848 10083 6928 
2 5 7125 12040 11915 10065 4052 
2 5 4052 9790 912 11835 6981 
2 6 6981 3970 3839 3895 9885 11771 
2 4 11771 987 892 964 
2 3 964 3783 1150 
2 3 9843 11761 10068 
2 10 11771 6951 11815 9835 6837 11886 3900 1052 12043 10068 
1 6 10068 9969 11996 11980 7189 1069 
2 5 9843 4140 12026 7109 4190 
1 5 1069 12045 4071 7089 10000 
2 8 4190 12062 4538 1519 1531 1034 7208 8049 
1 3 9843 9776 952 
2 4 1069 4037 10043 7025 
1 9 11913 1146 10008 7094 11916 10040 9995 7085 7025 
1 3 7014 12052 10076 
1 4 10076 7120 996 11913 
1 4 7014 12076 4042 7191 
1 5 9974 7058 1096 11991 7191 
2 7 4190 1188 1169 4144 1139 9958 10364 
2 7 10364 12012 7568 7580 9934 7167 4619 
1 4 4619 4631 9999 7097 
1 3 10062 7108 1047 
1 6 10364 4066 7656 10098 4010 7025 
2 5 12068 1091 11959 7214 7186 
1 3 9991 12010 11968 
1 6 12366 1497 12423 9993 11929 11968 
1 7 4245 10077 4644 7662 7565 10389 12338 
1 8 4245 10077 1609 4616 10443 10389 10349 7455 
2 7 4245 10077 4644 7593 7537 4544 4516 
1 6 4245 4062 7220 1444 12035 12307 
1 5 4245 4062 4104 1101 10060 
1 5 10060 10116 12462 11978 10001 
1 5 10001 10255 4237 1228 7340 
1 5 7340 4280 12114 4472 8087 
1 6 10278 12180 10152 1430 4321 7340 
1 4 10278 7436 1268 10246 
1 3 10246 4416 7265 
1 4 10278 1344 12734 8011 
1 5 10246 4416 1409 7288 1321 
1 8 10278 1344 12734 10808 8067 7363 10274 7447 
1 4 7447 7391 10190 7244 
1 4 8011 8100 10208 4278 
1 4 8011 8100 4414 10756 
1 4 10756 10259 5104 8087 
1 6 10278 1344 7310 12779 10296 10756 
1 4 10756 10259 5104 1359 
1 3 8087 10324 1359 
1 5 1359 12142 4353 10270 1349 
1 8 4278 12105 7250 12295 10210 12182 12269 1349 
1 6 1349 7013 4187 7150 11952 9975 
1 5 4516 1569 2005 7938 5040 
1 3 5040 5055 12137 
1 4 5040 4045 2036 12137 
1 3 4516 10751 9973 
1 4 9973 4299 1377 12137 
3 4 12137 5086 10794 2086 
2 6 2086 2032 10729 12822 12005 10887 
1 7 2086 12868 2002 10772 10066 9084 10887 
1 3 10887 9084 8007 
1 3 3456 10108 4110 
1 3 4110 7084 10735 
1 3 10735 8098 5105 
1 4 10735 1971 10898 8007 
1 4 10887 4979 8022 12763 
1 4 9975 1144 7207 4132 
1 9 4245 4062 7220 1059 1538 10428 9946 7574 10401 
1 5 10401 12420 4557 4883 10030 
1 6 1349 7013 4072 7060 7430 10030 
1 6 10030 4950 11995 4953 5096 5040 
1 3 7260 7344 10201 
1 4 5105 8013 12761 5075 
2 38 11810 11746 806 3889 12473 7671 13731 3942 13726 2013 13723 13716 13663 13697 12372 13660 12046 2097 13658 13657 829 5050 13839 8040 13842 13847 10922 10837 13854 13858 7969 13870 13873 4901 10454 13877 12434 1536 
1 3 4206 1086 7151 
1 49 12473 7140 1056 13720 13715 4550 13792 4111 13789 1074 13783 7170 7151 4574 4591 11976 13769 12101 5006 1033 2095 12758 7934 4981 5037 2090 8004 13742 13744 12727 7995 13752 12702 1955 13760 13240 8085 2089 13812 7953 13819 13817 13818 5089 8117 13807 13805 13802 7982 
1 6 4206 4088 4161 11979 1155 12049 
1 2 4073 12049 
1 2 4073 7011 
1 2 11829 9833 
2 4 4345 4417 10320 7433 
2 10 7433 1284 12291 4362 7379 4432 1424 7304 7644 7361 
2 8 4345 4417 10320 10174 12221 1282 4342 4285 
3 3 4345 4270 3778 
2 8 3775 6797 9580 11567 3605 6625 4270 4345 
2 13 9450 6713 11641 11685 9684 6769 11669 9724 9711 722 11695 3763 3775 
3 6 3778 3635 3661 9634 6676 6510 
2 13 6510 9467 12278 12582 602 777 10718 4775 7899 1769 4875 4426 4872 
2 12 6510 9480 1299 4869 1782 10718 7794 13094 11571 4875 4426 4872 
2 3 12603 10611 4739 
2 5 4739 9669 6726 515 3010 
2 7 4872 12688 3721 12593 12663 3481 4739 
2 5 12603 1788 3721 12688 4872 
2 5 12603 10611 11440 10684 7787 
1 7 7787 4765 4877 4343 7853 1858 1408 
1 8 3010 6754 1347 7761 1737 7853 1858 1408 
2 4 1408 4428 10157 7315 
2 3 7315 12214 10327 
2 4 7315 7386 10271 12211 
2 2 12603 4759 
2 4 4759 10709 1752 3719 
2 4 3719 10618 6752 1866 
2 2 9450 12357 
2 8 12357 9657 926 1760 10526 3699 1719 1866 
2 6 1866 4807 4664 10341 12456 12357 
2 9 9450 12368 6737 11589 1560 10341 4664 4807 1866 
1 7 9450 6713 11641 695 691 11656 6710 
2 7 6710 9724 9711 722 11695 749 11654 
2 5 9450 6713 9654 11637 689 
2 4 689 3685 9825 6890 
2 5 6890 882 3687 6707 11654 
2 4 6732 3906 11830 9832 
2 8 3878 6911 3806 11665 10381 11662 7345 4345 
2 4 9832 6909 9847 3878 
3 2 3878 6882 
3 3 6882 3863 6845 
3 3 6845 3824 6984 
3 2 6984 3957 
2 5 3957 873 3823 11841 10412 
2 8 6845 6869 11785 9804 847 3850 880 11800 
2 4 6855 827 9808 11800 
2 11 9450 6713 9653 870 11791 3872 659 3853 6874 9808 11800 
2 6 1595 9796 831 11776 11760 6855 
2 2 1595 4527 
2 11 4527 4601 9775 9760 7528 3975 801 9923 6823 6929 3957 
2 6 12211 3513 12183 7865 12553 9616 
2 6 1866 9880 7536 12577 12646 12586 
2 9 9450 12312 11589 10478 7306 12418 11788 10666 12586 
2 6 12586 7852 3855 3613 4760 4723 
2 9 9450 12368 6737 10393 7539 1586 1678 9892 12586 
1 6 1595 4531 4437 10461 9682 9450 
2 10 11654 734 3733 3702 9708 1436 9693 3806 6911 3878 
2 4 6696 1881 10448 1595 
2 4 6696 12709 12568 9727 
2 3 4527 1445 9727 
2 4 1572 12381 1480 11975 
2 6 1843 9834 10489 866 12439 1572 
2 3 1572 1584 7388 
2 6 1572 12353 1433 12470 10492 12384 
2 3 12735 7422 492 
1 4 12384 7583 860 492 
2 3 492 10520 7480 
2 3 7552 7524 4464 
2 3 7552 1453 10449 
2 4 7552 1453 1643 1528 
2 5 1528 12401 6968 9829 3960 
2 4 3960 10861 10504 10337 
2 6 10337 1500 12313 4507 4535 7552 
2 5 10337 12410 4884 2042 6785 
2 4 10337 12341 1927 12782 
2 5 3960 7981 5022 1927 12782 
2 3 6785 12369 5015 
1 3 5015 10769 12835 
3 5 12782 6987 5061 2060 12835 
1 2 8097 10740 
2 3 12835 7973 8003 
2 3 8003 10916 10830 
2 3 10830 12745 8097 
2 6 12782 2019 12728 5038 10894 10740 
2 4 5021 2083 12721 12835 
2 3 1965 2011 4956 
1 2 4956 5021 
1 5 4956 2083 1952 12721 12835 
1 2 4956 10172 
1 4 1965 2011 2008 10172 
1 4 10172 12804 10853 8003 
1 4 1965 12755 4887 13089 
2 2 3834 853 
2 5 3834 7920 5044 12791 10740 
2 4 4908 4977 1945 8057 
2 5 13089 12746 12873 10895 8057 
1 3 8032 2051 13089 
2 4 12753 8236 10773 12810 
1 3 12753 10842 10886 
2 3 3960 9829 5001 
2 6 5001 7485 12458 12489 4444 1646 
2 3 7202 1547 11975 
1 4 10412 3925 11738 788 
2 4 7138 4491 7012 7202 
2 7 12384 638 10394 1485 4653 4491 7138 
1 9 7202 7012 7134 11927 7083 7045 11783 6943 788 
1 4 1132 4168 6943 788 
1 4 7138 7083 12054 1132 
1 5 10412 9931 12445 10081 7138 
1 3 4464 7668 7480 
1 5 3957 951 11873 10343 7646 
1 5 7646 7466 4627 12637 9727 
1 3 9727 1582 913 
1 7 7622 10498 7451 10374 4476 7546 1550 
2 3 8252 5051 12798 
1 3 913 7791 10909 
2 3 12384 5090 10909 
1 4 12735 12803 968 10909 
2 4 12735 10192 10824 12501 
2 4 12501 1987 10615 7797 
1 2 1646 7797 
2 5 12735 1587 10753 7464 7797 
2 4 10449 10410 4510 1646 
2 4 6696 6974 12670 12501 
2 6 1595 12437 1604 7626 12305 4569 
2 7 4569 12305 10457 12497 7611 9682 9450 
1 4 4569 1621 12361 10717 
1 3 10717 1564 1534 
1 5 4569 12346 12463 10370 1534 
2 5 4569 4449 4540 4625 7797 
2 11 362 13475 3324 13459 243 6401 548 9508 11428 3586 9427 
2 4 9508 548 3230 3295 
1 4 3295 3324 13475 362 
2 10 9450 12368 6737 10339 1527 4590 7449 7607 12361 10717 
1 7 1866 9880 1867 12667 12620 3750 1747 
2 8 4723 10640 10711 1815 12651 1851 12585 4860 
1 3 4860 10593 10624 
2 4 12211 3513 4328 4274 
2 5 3588 6665 3471 10151 4274 
2 4 4274 4347 4331 3588 
3 3 3588 9697 9713 
2 4 9671 3677 6699 9713 
3 5 9713 6699 6694 6876 4518 
2 4 4518 9911 941 10387 
1 3 10387 10483 9814 
1 4 9814 11757 7517 1562 
1 3 1562 12374 7986 
2 3 7986 8115 853 
1 4 10387 12303 4727 7986 
2 7 10327 12673 12124 3781 6742 7779 4860 
2 11 4860 12572 4857 7880 1767 6722 12566 1836 4772 1752 3719 
2 4 10624 4863 7883 4759 
2 8 10327 1690 1832 4838 1854 1857 10593 10624 
2 5 10717 7834 1352 7892 4740 
2 4 1534 9802 4811 4740 
2 3 1534 2043 1806 
2 6 3960 2082 8025 5103 1618 1806 
1 3 1806 7904 10798 
1 3 10798 11802 4740 
2 5 3960 9920 5085 3875 3972 
2 3 10798 10702 3972 
2 5 4740 11802 7762 2055 3972 
2 2 3972 9908 
2 5 9908 12624 4586 10340 4740 
2 6 9908 12893 10867 8070 3867 10740 
2 4 10740 12791 3883 4975 
2 3 4975 10642 12627 
2 5 4740 10340 4586 1738 12627 
2 3 12627 10588 1827 
2 10 10717 7834 4757 12513 1753 10532 4871 12570 12642 1827 
2 9 10717 7834 1352 7892 12024 4814 4586 1738 12627 
2 3 1827 7780 4723 
1 3 853 1793 11814 
1 4 11814 4799 4657 10387 
1 4 853 7747 6897 10573 
1 4 10573 10645 12552 4975 
1 4 10573 7821 12765 11814 
1 9 12627 9792 868 1658 6887 1756 4742 10662 4865 
2 8 4865 10651 12573 12699 850 4799 4657 10387 
3 9 4865 10651 10591 7827 4736 10422 11698 710 9713 
2 3 4865 10582 12535 
2 4 12535 1789 10556 9616 
2 6 12535 7888 12633 12561 10640 4723 
1 4 1814 4804 12617 12604 
2 8 1814 4804 12617 7783 1713 7887 1565 4543 
1 4 1814 4804 7692 1801 
2 4 2197 5195 2203 2211 
2 5 7798 4776 12932 12924 12910 
2 8 7798 12576 7755 1667 10455 10682 12435 12406 
2 10 7564 7535 7522 4481 12308 7651 10487 10460 4560 7566 
1 4 1454 12104 1431 7669 
1 4 12364 1555 4573 7621 
1 5 12364 10402 12394 12409 1639 
1 4 12364 10402 12394 10418 
1 7 12364 12351 10390 8208 5184 12970 8215 
1 3 8215 10992 650 
1 2 650 8222 
1 4 650 5191 8194 5228 
1 4 5228 11000 5171 12994 
1 3 12994 8217 5131 
1 4 650 8229 8251 5121 
1 3 1639 12494 10935 
1 3 12364 12351 7500 
1 3 7500 10985 12942 
1 5 8187 10943 12453 10515 12364 
1 4 8187 8238 2173 2152 
1 5 10362 12496 1613 1626 4604 
1 6 7500 5163 10975 8255 5143 8216 
1 3 5131 2174 12930 
1 6 8216 10965 2224 5229 10987 12930 
1 3 12930 8157 5230 
1 3 5230 13195 13086 
1 2 2210 2182 
1 3 4604 4589 10447 
2 7 4604 4589 7594 1542 1529 5156 8181 
1 4 8181 7553 10947 10513 
1 2 10513 5112 
1 4 10513 10432 5172 10980 
1 5 10980 8190 12996 2153 10999 
2 4 10980 12334 8148 7476 
2 8 10513 10947 12972 5186 12937 2181 10959 8189 
1 6 10513 10947 12972 5186 7636 12977 
1 2 10946 8143 
1 4 10998 5182 10967 5168 
1 2 5168 2227 
2 4 4696 12547 12692 12589 
1 2 2229 10963 
2 4 10963 7605 5203 1509 
2 2 1509 10697 
2 3 10697 4822 4696 
1 4 4696 1833 7576 1468 
1 4 8245 1688 5106 10400 
2 2 10963 4879 
2 2 2120 10929 
2 4 10929 1874 12963 8214 
1 4 10929 1874 7872 5199 
1 3 5199 12504 191 
1 5 8214 12963 1874 7872 5199 
1 3 10968 12925 5117 
1 5 8144 10932 12911 8205 2196 
1 3 5160 10860 1939 
1 3 1939 5196 5210 
2 3 7011 10005 11964 
2 4 7011 10073 7164 4076 
2 2 7011 3996 
2 4 3996 4055 1068 10031 
2 4 10031 7144 11974 12044 
2 5 11999 1064 12071 1151 12044 
2 3 8105 10745 7989 
2 2 7989 2046 
1 3 2046 2003 12725 
2 3 2046 12881 12806 
2 5 11921 4129 7162 7180 11969 
2 2 9994 11969 
2 2 12051 7081 
2 6 7081 1160 4163 1046 7180 11969 
2 6 12051 7065 13077 4131 11939 1145 
2 5 1145 9964 12760 11923 7132 
1 6 7132 4150 7008 12018 7958 4933 
2 7 7132 4116 989 1111 4097 11987 7100 
1 4 7100 1194 10113 9945 
2 3 7100 10070 7069 
2 4 7069 10023 4139 4108 
1 3 5010 7980 8124 
1 4 2012 8015 12710 4948 
1 5 2050 12900 2025 1969 4972 
2 7 9570 6462 13402 9511 13397 11467 6464 
2 5 9427 11430 3497 6416 3458 
1 4 3544 467 3458 562 
2 3 9817 11673 6734 
2 5 321 11305 13470 9320 9347 
2 7 3522 9238 13447 13456 11276 11305 321 
2 7 3522 9238 13447 13456 9294 9320 9347 
2 7 2086 2054 1908 4984 10847 1980 4110 
2 7 2086 2054 1908 4149 12886 1103 9975 
2 9 4245 4204 7593 12452 1637 10471 10332 7938 5040 
1 8 3022 6038 3111 11049 3162 11052 46 3108 
2 8 3583 3414 6562 421 583 9429 13245 11542 
2 4 3583 3414 6562 3569 
1 5 3569 557 3718 6739 11666 
2 7 3569 6562 421 583 9429 13245 11542 
2 3 1965 8089 12810 
2 4 4908 10765 8012 3834 
2 3 7859 12435 12406 
1 9 12406 7520 10388 4478 4658 10500 12451 10430 7564 
2 4 8186 5225 10925 12910 
1 10 12406 1537 10427 12377 11019 2114 8249 5211 5225 8186 
1 13 8186 10927 8165 5197 12948 2191 10969 8200 10949 1526 10983 2157 1652 
1 9 6928 3981 3852 6922 959 6822 898 6944 9897 
1 9 10433 9782 10503 12482 11906 6811 810 3977 957 
1 7 957 3977 810 6811 9766 973 9897 
1 8 4572 7663 11864 9913 9928 11893 6964 9897 
2 5 11771 11808 916 4642 4572 
2 3 10433 7582 4506 
2 13 10433 7582 4506 12485 4876 10638 13150 7743 4719 4677 7786 1672 4705 
2 8 10433 7523 11744 4572 4642 916 11808 11771 
3 7 4725 10655 7801 12678 7672 4805 12189 
3 6 4725 7763 12657 10678 7851 12543 
2 5 4506 1588 12618 7832 4725 
2 7 11666 9527 6552 543 9541 9569 11542 
2 4 11542 6440 3418 3585 
2 7 3585 6470 11404 3474 9416 13561 11544 
2 3 9315 6318 6384 
2 5 9315 9379 9332 11270 351 
1 4 12051 9976 12034 9943 
2 6 516 3516 9444 9418 13238 6583 
2 5 13011 9472 13081 3516 516 
2 8 11408 9564 3539 11485 9436 3582 9504 3529 
1 6 9878 6945 11796 3927 6992 4112 
1 5 6912 11778 9921 928 4112 
1 6 3951 11831 856 981 11898 9921 
1 4 979 6938 9844 11747 
1 5 9777 3903 3935 9915 11881 
1 4 3870 921 6977 9777 
1 5 3870 3807 11844 804 11747 
1 5 3889 9893 9912 7620 9860 
1 16 11853 6991 10472 3564 12320 13630 13257 6997 13875 1896 12861 13865 4943 5098 13843 829 
1 3 1052 900 6969 
1 3 6969 3955 952 
1 3 7101 10517 7097 
1 4 3992 4083 7172 7199 
1 3 6747 723 3707 
1 4 12991 2063 4995 10775 
1 5 6435 11503 560 6280 3309 
1 3 3707 11686 754 
1 10 754 3757 3575 6597 409 3452 3468 6478 9433 11437 
1 9 3335 3226 6305 236 11230 9396 9371 6344 9288 
1 6 3122 11065 3172 66 195 11121 
1 5 9206 11162 3050 6150 3187 
1 12 3187 3030 9061 3068 9169 193 6146 11079 9233 9106 6212 11121 
1 5 141 6078 9104 3125 6146 
1 5 9056 11033 3119 6138 9038 
1 9 9108 6165 6125 9147 11125 11164 11081 158 11121 
1 8 9753 11706 6760 3726 6748 700 6701 3682 
1 9 9753 6620 11429 9455 6486 6516 520 11474 3529 
1 6 10364 1004 1603 5092 7406 7418 
1 10 10137 10309 4379 1302 7280 12297 4397 10016 11936 1185 
1 6 4401 12232 10232 12204 1285 10162 
1 18 2196 8182 8201 10845 12967 10988 5180 2176 8144 5180 2176 10988 5180 2176 5180 2176 5180 10988 
1 8 2196 8183 5224 2206 11017 10932 4171 9962 
1 2 5180 12911 
1 11 4744 10540 1865 11607 12518 4810 10598 1772 10590 1724 7754 
1 2 1823 4744 
1 8 10627 10597 12579 1834 7676 7717 12605 4801 
1 10 10597 1689 4777 12520 1774 7737 4788 13315 10674 4709 
1 7 4801 4732 1798 1728 12675 7799 4777 
1 9 7790 2015 12119 13283 4828 1703 13309 4770 4709 
1 9 4709 10674 1783 7866 13317 12529 10619 10547 1591 
1 7 1459 10488 2058 4923 1766 2015 7790 
1 11 2012 10829 12751 12838 7930 5101 1975 2056 1891 1969 4972 
1 9 4972 4938 8021 1992 10831 6039 2080 10948 5139 
1 2 10860 11017 
1 2 9428 9496 
2 5 11264 13592 13591 13590 247 
1 13 5160 11145 10859 10877 12744 10851 2016 4961 12836 4138 8105 10844 11999 
1 3 5010 8036 10775 
1 5 5010 5097 7944 2072 12766 
1 6 10859 10877 12800 2009 12856 5010 
1 4 2123 5164 12971 2120 
1 3 8201 2202 2123 
1 4 8248 12981 2126 4735 
1 4 4735 12519 10957 4879 
1 4 12981 8219 12925 5117 
1 8 9962 2220 4941 10766 8048 7219 12775 5117 
1 5 5139 8207 12975 2115 10968 
1 4 10948 13210 2192 8193 
1 2 8193 5117 
1 2 4958 7560 
1 3 7560 7491 12333 
1 5 12333 10510 13303 13300 7477 
2 5 3514 13407 13403 13410 13411 
2 6 6558 13434 3460 13417 3510 13406 
3 10 6558 13441 3532 13427 11478 13439 9496 11505 13263 6521 
1 2 13434 3532 
1 4 6282 13448 537 9496 
1 3 13575 11276 11305 
2 4 6521 13568 13433 6441 
2 5 514 13401 9471 13395 6501 
2 3 13395 9441 11404 
2 3 13400 3500 3561 
1 2 3522 13423 
1 2 13406 13404 
3 6 13505 7878 13506 6469 13510 495 
2 2 6712 5011 
2 4 13391 13398 13562 3500 
1 2 673 9652 
2 3 11542 9569 9541 
2 5 6389 13541 6257 13577 9347 
2 3 9262 3354 9483 
2 5 3326 13445 247 13584 11388 
2 5 13500 13554 13580 13535 11531 
2 4 11531 13388 9575 11435 
1 2 9536 516 
3 5 3262 6496 6500 3444 13548 
1 6 6469 4692 13540 13520 13522 11122 
1 2 6583 13261 
2 7 6464 11467 506 584 9546 13436 9508 
1 6 9932 3979 6919 6950 3903 9777 
2 9 3686 6704 9677 9680 6741 11668 3760 9696 3734 
1 8 3618 11455 11469 11552 432 508 9526 11537 
2 8 7341 4261 4215 10256 7328 1334 12157 9292 
1 3 3653 7454 10472 
1 4 12320 12380 13260 1599 
1 11 9833 11829 11811 904 11866 11883 979 3982 3967 6995 11881 
1 7 9833 11829 11811 3851 947 11867 11778 
2 6 11905 11774 9791 6990 3936 11818 
2 6 11818 3936 6990 6857 935 949 
1 3 9783 9919 9902 
1 3 9902 9888 9862 
1 5 9833 13353 922 11842 9888 
1 3 9783 11597 657 
2 6 11652 6706 3704 3701 6727 11670 
1 8 9821 9780 9914 3884 11767 914 9805 3914 
1 7 9821 9809 6913 6940 9874 13322 3882 
1 4 1005 12016 11907 9878 
1 4 9860 876 9954 11853 
1 7 7620 11759 4512 12387 1549 13673 10106 
1 9 10510 10351 7602 13871 13861 8093 13852 13850 10837 
1 5 1576 12465 13359 1614 1479 
1 3 4709 13310 10614 
1 4 4704 12671 7732 10614 
1 5 4704 13313 10839 13314 13315 
2 6 1591 4224 12583 7706 10660 1459 
1 9 4333 7407 7335 1402 4595 12385 4773 4224 1591 
1 11 1797 12613 12594 4867 12564 1818 12590 13319 4823 4849 7737 
1 5 13317 13287 1708 10610 1818 
1 9 5057 12732 2053 2099 5076 12596 4947 13304 10614 
1 5 8049 5007 7301 7406 7418 
1 7 8049 517 5025 1985 3742 7511 5057 
1 5 13358 10420 4578 4638 7243 
1 7 4333 1375 10633 1309 1800 12546 10696 
1 11 9292 10213 10284 10312 1276 4337 12266 1272 10277 7392 7600 
1 8 7560 4482 10742 1632 1573 4629 11687 7682 
2 4 6469 13508 13548 13507 
1 5 6716 3713 11520 3565 11691 
1 3 3548 11536 3434 
1 3 9665 732 543 
1 2 9288 9249 
2 3 3350 6373 6344 
1 3 285 7377 11293 
1 6 53 6176 3049 9196 6072 9036 
1 2 3790 3866 
2 6 377 407 3274 311 3301 9297 
1 4 3870 9861 6925 11747 
1 5 3903 919 11826 3862 804 
1 2 961 3870 
1 8 4333 4232 1223 10268 7383 4337 1276 10312 
1 5 12385 4492 10506 7556 7597 
1 6 4333 12152 1287 7350 4661 12594 
1 6 10614 13305 5736 13292 13282 13281 
1 5 7790 8112 13291 13298 13281 
1 4 8112 13290 5042 10802 
1 6 1910 2041 10821 13294 1970 7790 
1 2 12763 1910 
1 3 10887 10905 2041 
1 4 4425 10863 12898 7965 
1 3 1319 4559 7965 
1 4 1319 12841 4192 4504 
1 5 4504 10763 1010 4431 6999 
1 3 6999 7240 4925 
1 6 6999 1893 11865 4041 7948 7418 
1 7 1047 7152 1187 1087 4152 7168 10404 
1 8 1047 7152 1187 1087 7044 4028 10050 7137 
1 9 9974 10058 7146 1195 11947 9972 1094 4169 4196 
1 4 4619 1036 1628 3992 
1 7 1047 12095 1120 9970 9942 1053 7199 
1 6 7137 4077 10459 1625 1884 4504 
1 7 4075 12048 1157 7093 10004 11926 10050 
1 2 7152 4189 
1 4 1087 1131 7039 11981 
1 2 11947 1055 
1 6 1047 1202 1162 4207 4165 9938 
1 4 4196 7027 11986 7071 
1 4 7071 10010 10093 9938 
1 4 10000 4186 10018 4205 
1 4 12612 7749 7752 4801 
1 4 1479 4488 1532 10420 
1 5 1573 7639 12722 10205 1384 
1 3 11696 9726 9709 
1 4 6935 12318 10497 4512 
1 10 3338 312 11171 3065 183 6166 9202 11177 3175 9131 
1 6 10404 4480 12017 7665 10517 7101 
1 6 10404 4480 7577 8095 4325 1010 
1 8 4925 10132 2045 531 12882 12797 4888 12732 
1 10 4888 7270 12815 1882 8018 7940 10865 10315 1943 13282 
1 5 8010 13337 13341 2014 5033 
1 4 12338 13326 13333 8010 
1 3 4987 5310 12338 
1 4 4987 4459 10361 4516 
1 9 5033 4994 8121 1991 8029 10802 12801 4973 13291 
1 2 8049 12356 
1 5 11746 806 10561 12029 7140 
1 5 7101 7434 10757 7948 7418 
2 7 7878 5264 6570 6469 13510 495 9443 
2 3 9503 6542 3530 
1 4 4345 9601 7291 12149 
1 4 11683 3755 11715 3573 
1 9 12465 10435 13207 12474 13008 12235 11591 9453 3618 
1 4 7477 7563 10348 13207 
1 7 10312 12143 12170 1360 7410 1429 12294 
1 4 12294 12179 10264 12235 
1 5 10886 12823 13093 12865 12738 
1 3 12738 13092 13087 
1 6 13087 12878 4611 4624 7617 7630 
1 3 4641 7632 7660 
1 2 10074 7059 
1 3 3988 13372 7211 
1 4 7211 4193 1173 11965 
1 6 12763 12717 12831 10737 10852 12248 
1 4 12761 13274 5043 8066 
1 4 13347 12774 13273 8066 
1 3 3456 1179 8066 
2 3 6536 3758 3552 
1 3 3671 9492 11463 
1 6 10737 10852 12248 12239 12722 7639 
1 4 7982 1889 13082 12774 
3 5 3392 3256 6306 3309 9304 
1 2 1562 12461 
3 6 10400 12648 5231 10697 4822 4696 
1 3 8214 2213 10400 
1 4 1468 1494 2171 10400 
1 5 12589 10415 4528 5189 10963 
2 2 1874 7872 
1 2 10948 8244 
1 5 2050 10919 1951 12785 10862 
1 2 7959 8006 
1 3 7959 2094 2038 
1 4 10856 8059 10741 5033 
1 7 4925 4375 9966 10903 7988 8104 10856 
1 4 7965 8126 12724 8104 
1 5 7191 10101 4105 1099 11913 
1 7 4196 1166 1193 1138 1110 9984 3992 
1 4 3326 13600 13533 13465 
3 8 9559 5291 6545 11732 551 6949 11518 11506 
1 4 9355 9384 6411 3335 
1 7 9355 11310 11283 302 3291 6477 413 
3 3 9508 9400 3544 
1 2 4744 13062 
2 3 9907 910 13491 
1 5 4933 8046 10107 10023 7069 
1 5 9546 13412 13409 6462 9570 
1 4 3585 6418 9421 9541 
2 3 9648 653 3673 
1 3 6766 943 6931 
1 5 11752 1551 1796 4655 12612 
2 6 4801 12605 7717 4837 10528 7835 
1 7 9843 4140 1137 1590 828 7545 11752 
1 4 952 4495 7674 11752 
1 7 10678 1730 10608 12694 7746 4798 10641 
2 5 9663 3698 717 9696 3734 
2 8 1599 6671 3658 654 672 11617 11647 9663 
1 4 12320 12450 1539 11674 
1 7 9753 11736 3622 11578 615 464 3618 
1 15 4724 12691 12563 10580 1816 7822 12528 4803 1794 10546 1797 10202 12616 12546 10696 
1 3 1876 4818 12691 
1 18 1876 7841 4750 1803 4808 7902 10596 10524 12575 12506 7759 10583 1666 12565 4821 7844 1845 1730 
1 7 1730 4847 7754 4779 7616 4246 12678 
1 6 7616 4701 12638 12263 12192 12189 
1 6 9604 4404 9733 1343 12136 12263 
1 3 1573 1623 13358 
1 8 94 9045 9055 11038 3092 140 6102 11171 
1 17 6166 11074 6199 6088 6193 9213 186 108 99 9225 1295 10579 7712 12393 10677 3169 4669 
1 3 3083 9094 11172 
1 4 6515 6424 9445 11537 
1 8 11537 9549 6574 3490 6601 9432 11523 3578 
2 12 9258 6248 6291 9324 6329 275 11258 314 11294 11248 11379 11268 
1 8 6394 3372 3343 353 11364 11335 9380 6382 
2 6 6398 3346 3376 212 6315 6262 
2 7 6398 6369 9367 11323 11351 340 313 
2 15 121 9122 11099 164 97 6077 6180 9200 11075 73 3066 3167 6089 9214 6124 
1 6 11371 11287 9321 369 9405 11293 
1 3 11237 9310 9369 
1 3 11237 11267 6313 
1 2 13452 6405 
1 4 6313 11334 3396 9303 
1 3 9303 3396 11287 
1 6 6103 11221 9268 11279 6237 9315 
1 2 271 322 
1 3 11333 507 9458 
2 3 9379 9269 11297 
1 7 11408 6587 3566 6428 11540 9448 413 
2 7 3519 11476 6544 9516 533 9504 3529 
2 8 418 6554 9531 11487 523 547 3519 11476 
1 10 1684 9142 7689 7738 10592 7867 1659 1880 4754 4824 
1 6 4771 12542 7685 10692 1812 1659 
2 4 3663 9651 11652 6706 
1 5 3757 3575 6597 11546 11683 
2 8 11437 6423 11561 574 11546 11703 3738 11670 
1 6 12529 10680 1668 10653 10584 12594 
1 3 9895 6961 957 
1 4 6474 6505 9461 11450 
1 2 9461 523 
1 6 418 6481 3520 9542 6565 9566 
1 4 3973 6930 11786 3914 
1 29 2089 13676 13675 8001 13678 13680 13682 13685 13653 2097 13659 13661 13664 13667 13669 13670 10106 10811 3916 13707 13705 13703 13706 4943 13857 13848 8125 13849 10837 
